[
    0.000006077923899283633,
    0.000006923558430571575,
    -0.000008817082743917126,
    0.000010708367881306913,
    -0.0000067081050474371295,
    -0.000005022925051889615,
    0.000006351718639052706,
    -0.000007711138096055947,
    0.00002094340743497014,
    -0.00001093880200642161,
    -0.000013355993360164575,
    0.000013396786926023196,
    -0.000019258815882494673,
    0.000026498750230530277,
    0.000004843851456826087,
    -0.000032268180802930146,
    0.000028333677619230002,
    -0.000016042387869674712,
    -0.00000667175481794402,
    0.000026126601369469427,
    -0.000026188925403403118,
    0.000016494093870278448,
    -5.939475045124709e-7,
    -0.00001460152543586446,
    0.000027209804102312773,
    -0.000030863870051689446,
    0.000010553440006333403,
    0.00001609510218258947,
    -0.00003479539736872539,
    0.00003900059891748242,
    -0.000012686921763815917,
    -0.00001831001281971112,
    0.00003628668127930723,
    -0.000048489302571397275,
    0.000018181563063990325,
    0.000037881825846852735,
    -0.00004171249020146206,
    0.00001907763726194389,
    -0.000016767900888225995,
    -0.000007608737632835982,
    0.0000415498398069758,
    -0.000032061921956483275,
    0.000012895184227090795,
    -4.0478502683072293e-7,
    -0.000028680486138910055,
    0.00004442057615960948,
    -0.00002970649438793771,
    -0.000003444204594416078,
    0.00004113003524253145,
    -0.0000458483409602195,
    0.000023694841729593463,
    0.000004030283434985904,
    -0.00004333312244853005,
    0.00005006700303056277,
    -0.000011194566468475387,
    -0.000018633159925229847,
    0.000030349085136549547,
    -0.000026581821657600813,
    0.000009282072824134957,
    1.936033378058255e-8,
    -0.000015000360690464731,
    0.000032209041819442064,
    -0.00002170264815504197,
    -9.146523893832637e-7,
    0.000015432202417287044,
    -0.000028352475055726245,
    0.000031674280762672424,
    -0.000003508026111376239,
    -0.0000333411771862302,
    0.0000329726972267963,
    -0.000014727078450960107,
    -0.000003088814082730096,
    0.000033921074646059424,
    -0.00003467650822130963,
    -0.000005934103683102876,
    0.00002425890852464363,
    -0.00001181503012048779,
    0.0000052901623348589055,
    -0.000004685719432018232,
    -0.000008554017767892219,
    0.00001734069883241318,
    -0.000003835856659861747,
    -0.0000013903448916607886,
    0.0000017498557554063154,
    -0.000014138593542156741,
    0.000008925759175326675,
    -0.000002361135102546541,
    -3.2540600614083814e-7,
    0.00002635786404425744,
    -0.000023527634766651317,
    -0.000011588024790398777,
    0.000021308505893102847,
    -0.000023778084141667932,
    0.000016330937796738,
    0.000016428641174570657,
    -0.000033546391932759434,
    0.000025041699700523168,
    -6.497313052022946e-7,
    -0.00002426249375275802,
    0.0000250674165727105,
    -0.000019684066501213238,
    0.00000699685188010335,
    0.00002548169322835747,
    -0.000032816613384056836,
    0.00001054790300258901,
    -9.653263077780139e-7,
    -0.000009593804861651734,
    0.000027281268557999283,
    -0.000020622544980142266,
    0.000008958065336628351,
    -3.3100283758358273e-7,
    -0.0000352538118022494,
    0.00004386484943097457,
    -6.521816544591275e-7,
    -0.00001449502906325506,
    0.000020342309653642587,
    -0.000047679342969786376,
    0.000021336529243853875,
    0.000030208369935280643,
    -0.00003765180372283794,
    0.000032113810448208824,
    -0.000010386442227172665,
    -0.000027445394152891822,
    0.00003211326475138776,
    -0.000016296744433930144,
    0.0000050130506679124665,
    0.0000068352183006936684,
    -0.000015262381566572003,
    0.000022022777557140216,
    -0.000017452341126045212,
    -4.17778267092217e-7,
    0.000010849499631149229,
    -0.00002233849954791367,
    0.000030264380256994627,
    -0.000008806233381619677,
    -0.00002000407039304264,
    0.00003310616375529207,
    -0.000026088757294928655,
    -0.000005853179573023226,
    0.0000231750982493395,
    -0.000013326584848982748,
    0.000013635203686135355,
    -0.000002423464366074768,
    -0.000019082239305134863,
    -5.340655206964584e-7,
    0.000012626007446669973,
    0.000022289941625786014,
    -0.000026781099222716875,
    -0.000012066945600963663,
    0.00002046957342827227,
    -0.000004847726359002991,
    0.000016800988305476494,
    -0.000018427033865009435,
    -0.000022751608412363566,
    0.000033974622056121007,
    -0.0000044566836550075095,
    -0.0000026822590371011756,
    0.0000017459498167227139,
    -0.000007461532277375227,
    0.000013936678442405537,
    -0.000029460708901751786,
    0.00001203158353746403,
    0.000025824674594332464,
    -0.000028459153327276,
    0.00002761006726359483,
    -0.000019983779566246085,
    -0.000023631047952221707,
    0.00004907523180008866,
    -0.000031622843380318955,
    0.0000030666169550386257,
    0.0000174089873326011,
    -0.00003166909300489351,
    0.00004164590791333467,
    -0.000021940344595350325,
    -0.000017310141629423015,
    0.000035629753256216645,
    -0.00004092817835044116,
    0.00003648885103757493,
    -0.0000023041852728056256,
    -0.00004936385448672809,
    0.00006965548527659848,
    -0.00003324466888443567,
    -0.000013542045053327456,
    0.000049194684834219515,
    -0.00006861035944893956,
    0.000027931757358601317,
    0.00002038229831669014,
    -0.000028851625756942667,
    0.000053633833886124194,
    -0.00005257699012872763,
    -0.000005694215360563248,
    0.00003822865619440563,
    -0.00004796625580638647,
    0.00005595129550783895,
    -0.000021577810912276618,
    -0.00003923624171875417,
    0.00007408903911709785,
    -0.00005910815525567159,
    0.000010801230018842034,
    0.000042965384636772797,
    -0.00007536491466453299,
    0.000051220842578914016,
    0.0000010584911933619878,
    -0.000035567696613725275,
    0.000054618027206743136,
    -0.0000432698470831383,
    0.000012952850738656707,
    0.000013052471331320703,
    -0.00005107494871481322,
    0.00006192507862579077,
    -0.00002186965139117092,
    -0.000020789311747648753,
    0.00005156112456461415,
    -0.000059214249631622806,
    0.00002634969678183552,
    0.000025103381631197408,
    -0.00005832660463056527,
    0.00004631330375559628,
    -0.000012067278476024512,
    -0.00002100557685480453,
    0.000045697364839725196,
    -0.00002570030846982263,
    0.000004114951934752753,
    -0.000013622004189528525,
    -0.000022353257008944638,
    0.00005550562491407618,
    -0.000017404290701961145,
    -0.0000051154302127542906,
    0.000017731361367623322,
    -0.00005382402741815895,
    0.00002952574686787557,
    0.000027660220439429395,
    -0.00003569736145436764,
    0.00002481682713550981,
    -0.000005700820565834874,
    -0.000025365374312968925,
    0.000024464112357236445,
    0.0000014136599020275753,
    -0.000010872414350160398,
    0.000003212473984604003,
    0.000004777542471856577,
    -0.0000034613283332873834,
    -0.000005174942543817451,
    0.000014425801964534912,
    -0.000010530049621593207,
    -0.000018917744455393404,
    0.00003185876994393766,
    0.000006368167760228971,
    -0.00003358088724780828,
    0.000012354561476968229,
    0.000007920006282802206,
    -0.000017197562556248158,
    0.00002941825550806243,
    -0.0000065358126448700204,
    -0.0000411209293815773,
    0.000036602028558263555,
    0.000006902586392243393,
    -0.00002512233186280355,
    0.00003315486901556142,
    -0.000020703695554402657,
    -0.000031119441700866446,
    0.000035191475035389885,
    0.000008633130164525937,
    -0.000005952198080194648,
    -0.000006504736575152492,
    -0.000008950290066422895,
    0.000004780658855452202,
    -3.4864029885284253e-7,
    0.000017783029761631042,
    -0.000013873215721105225,
    -0.000018422617358737625,
    0.00003712280158651993,
    -0.000021162708435440436,
    -0.0000111474291770719,
    0.000035118224332109094,
    -0.00003341844058013521,
    0.000008727088243176695,
    0.00001881940806924831,
    -0.00004185724537819624,
    0.00002909989416366443,
    0.00002024096465902403,
    -0.000027563864932744764,
    0.000004881727363681421,
    -0.000011334787814121228,
    0.000002957998503916315,
    0.000020866913473582827,
    -0.000010020019544754177,
    -0.000007383291631413158,
    1.4735041631297463e-8,
    0.000009203019544656854,
    0.0000015598712934661307,
    -0.000006850227691757027,
    0.0000031078443498699926,
    -0.000019611081370385364,
    0.00000649127969154506,
    0.00003130518598482013,
    -0.000014297576854005456,
    -0.0000040700183490116615,
    0.000003111504156549927,
    -0.000025174747861456126,
    0.000007525296041421825,
    0.000024055991161731072,
    -0.000009498118743067607,
    0.0000015139627294047386,
    0.000015106606042536441,
    -0.00003408230986678973,
    -0.000004605203230312327,
    0.00004129629087401554,
    -0.00003445766924414784,
    0.0000025043689220183296,
    0.00004523287498159334,
    -0.00004901837382931262,
    0.000003835973984678276,
    0.000026886134946835227,
    -0.000037357436667662114,
    0.000026981535484082997,
    0.000008769185114942957,
    -0.000025939989427570254,
    0.000009138882887782529,
    -2.901593632032018e-7,
    0.000012508914551290218,
    -0.000019917024474125355,
    0.000009043343197845388,
    0.000029382415959844366,
    -0.00006380835839081556,
    0.00003543889397406019,
    0.0000242964961216785,
    -0.000067378998210188,
    0.00008141758007695898,
    -0.000019026078007300384,
    -0.00007270475180121139,
    0.00008432849426753819,
    -0.000037890757084824145,
    -0.000014616875887440983,
    0.000051798509957734495,
    -0.00004858641841565259,
    0.00003043545439140871,
    -0.000007022560112091014,
    -0.000026816875106305815,
    0.00003550482142600231,
    -0.000038023888919269666,
    0.000048341571527998894,
    -0.000006328551080514444,
    -0.0000671627203701064,
    0.00008759463526075706,
    -0.000049992784624919295,
    -0.000020855748516623862,
    0.00009026134648593143,
    -0.00008826639532344416,
    0.00002388075881754048,
    0.00003315909634693526,
    -0.0000727106598787941,
    0.00007312363595701754,
    -0.00001821748446673155,
    -0.00002471633706591092,
    0.00004163052290095948,
    -0.00006177332397783175,
    0.000047439789341297,
    0.000002409728040220216,
    -0.00004369797170511447,
    0.00007115883636288345,
    -0.00006414888048311695,
    0.0000029581569833680987,
    0.00006179641059134156,
    -0.00007613261550432071,
    0.00004660514241550118,
    0.000004239872396283317,
    -0.00005098221299704164,
    0.00005978230547043495,
    -0.00003511187605909072,
    0.0000031404802030010615,
    0.00002527879405533895,
    -0.00004142105535720475,
    0.00004718304262496531,
    -0.000029866961995139718,
    -0.000019635463104350492,
    0.000055006898037390783,
    -0.00005234788477537222,
    0.000023891338059911504,
    0.000022791999072069302,
    -0.00005123941809870303,
    0.00004498936687014066,
    -0.000015532596080447547,
    -0.000029408382033579983,
    0.00003987376840086654,
    -0.000008593468010076322,
    0.0000016328486935890396,
    -0.000012875136235379614,
    -0.000005751073331339285,
    0.000026272373361280188,
    -0.000016747730114730075,
    0.000012906994925288018,
    -0.00001070136931957677,
    -0.000026520345272729173,
    0.000039532489608973265,
    -0.000007753606951155234,
    -0.000004103123046661494,
    0.000015951896784827113,
    -0.00002856605533452239,
    0.000004043949047627393,
    0.000004688945864472771,
    0.0000031594699976267293,
    0.00000932680177356815,
    -0.000010195700269832741,
    0.000011154083949804772,
    -0.00001970318771782331,
    -2.0483010132466006e-7,
    0.00002655328353284858,
    -0.000029379010811680928,
    0.000013514896636479534,
    0.000003864124209940201,
    -0.00001474527562095318,
    0.0000345041771652177,
    -0.00003434721293160692,
    -0.000006113272320362739,
    0.00002694590511964634,
    -0.000026147361495532095,
    0.00003896294583682902,
    -0.000013003736967220902,
    -0.000042592066165525466,
    0.00003932505933335051,
    -0.000015218193766486365,
    0.000016456366211059503,
    0.000019101544239674695,
    -0.000051162714953534305,
    0.000018762440959108062,
    3.5485956573211297e-7,
    5.105624723000801e-7,
    0.000024463091904181056,
    -0.000035216580727137625,
    0.00002742311335168779,
    -0.000007755419574095868,
    -0.000034739437978714705,
    0.00005658403824781999,
    -0.000038702168239979073,
    -0.000009023287930176593,
    0.00005728770338464528,
    -0.00005213258191361092,
    0.000018090189769282006,
    0.000017395563190802932,
    -0.000056185243010986596,
    0.00003965518408222124,
    0.000011296492630208377,
    -0.00002012180812016595,
    0.000015830266420380212,
    -0.000016960291759460233,
    0.000003352955445734551,
    0.0000012026699778289185,
    0.000004988320597476559,
    0.000010125283552042674,
    -0.00003801788989221677,
    0.000025400315280421637,
    0.00002449902967782691,
    -0.00003948501034756191,
    0.000020088311430299655,
    -0.000006207382284628693,
    -0.000022635447749053128,
    0.00004678253026213497,
    -0.000013503776244760957,
    -0.00003337134694447741,
    0.000029465976695064455,
    -0.000004293051460990682,
    -0.000009256420526071452,
    0.000025233381165890023,
    -0.00001835272996686399,
    -0.000017567832401255146,
    0.000024957027562777512,
    -0.000004812204224435845,
    -0.000005358341695682611,
    0.000006903375833644532,
    -0.000011663135410344694,
    0.000017423739336663857,
    0.000002521761643947684,
    -0.000020163490262348205,
    0.0000011040906429116149,
    -0.00001078451441571815,
    0.000024507953639840707,
    0.00001501355927757686,
    -0.000024664892407599837,
    0.000014232861758500803,
    -0.00002498223511793185,
    -0.0000038018713439669227,
    0.000032931122404988855,
    -0.000036497167457127944,
    0.00003594693771447055,
    0.000014826960978098214,
    -0.00005399256042437628,
    0.00003911572275683284,
    -0.00003376057429704815,
    -0.000009985878932639025,
    0.00007580109377158806,
    -0.00005773150405730121,
    0.000004565627932606731,
    0.000029184031518525444,
    -0.00005563709783018567,
    0.00004440506745595485,
    -0.0000010870938922380446,
    -0.000023616401449544355,
    0.00002680585930647794,
    -0.00003306720464024693,
    0.000027709171263268217,
    9.93055778053531e-7,
    -0.00002075602787954267,
    0.00003708936128532514,
    -0.00005763905210187659,
    0.000030249888368416578,
    0.00004188171078567393,
    -0.00008530339255230501,
    0.000058300669479649514,
    0.000009838752703217324,
    -0.00005538478581001982,
    0.00006586359813809395,
    -0.00004622537744580768,
    -0.000017666865460341796,
    0.00006717491487506777,
    -0.000040892104152590036,
    -0.000005656515895680059,
    0.000009062912795343436,
    -4.889115530204435e-7,
    0.00001729390351101756,
    -0.000027953723474638537,
    0.000015865560271777213,
    -0.00000918537534744246,
    -0.000010609535820549354,
    0.0000507861768710427,
    -0.000045650944230146706,
    -0.00000600426210439764,
    0.00003957495209760964,
    -0.0000476455497846473,
    0.00002659850360942073,
    0.00002373745883232914,
    -0.00003996138184447773,
    0.000016185225831577554,
    5.296974450175185e-7,
    -0.00001472500753152417,
    0.00001020449235511478,
    0.000011119817827420775,
    -0.0000022530505248141708,
    -0.000010673592441889923,
    0.000014842716154817026,
    -0.000020250112356734462,
    -0.000012261052688700147,
    0.00003750094401766546,
    -0.000014106654816714581,
    0.0000013095724398226594,
    0.000006704140560032101,
    -0.00002701244557101745,
    0.000023135453375289217,
    -0.000002968672333736322,
    -0.000010974584256473463,
    0.000013317011507751886,
    -0.000011914804417756386,
    0.00001653956132940948,
    -0.000012910321856907103,
    -0.000005145577688381309,
    0.0000292891199933365,
    -0.00003219103746232577,
    0.000011156610526086297,
    -0.0000012771398587574367,
    -0.000026831870854948647,
    0.000056949593272292987,
    -0.000018999986423295923,
    -0.00001659712324908469,
    0.000022586311388295144,
    -0.000053759911679662764,
    0.00004003008871222846,
    0.00002510934427846223,
    -0.000045026798034086823,
    0.00003172970173181966,
    -0.000025875999199342914,
    0.0000028666445359704085,
    0.00004333988545113243,
    -0.00004910042116534896,
    0.000005830106147186598,
    0.000003940597707696725,
    -0.000004503523086896166,
    0.00004214622822473757,
    -0.00004126720887143165,
    -0.00000348827643392724,
    0.000024269656933029182,
    -0.000023183576558949426,
    0.000029239943614811637,
    -0.00002824348848662339,
    -0.000016738867998356,
    0.00005396529377321713,
    -0.00002828481956385076,
    0.000001784725213838101,
    0.000014465191270573996,
    -0.0000385993262170814,
    0.00002480409420968499,
    0.0000020998872969357762,
    -0.000015536303180851974,
    0.000031530689739156514,
    -0.000014128057046036702,
    -0.00001627592973818537,
    0.000009341512850369327,
    -0.0000065384360823372845,
    0.000013893699360778555,
    0.00001182197593152523,
    -0.00002270251752634067,
    -0.000013445793229038827,
    0.00001569927371747326,
    0.00001594214882061351,
    4.0430472836305853e-7,
    -0.000019508577679516748,
    -0.000011233794793952256,
    0.000021095798729220405,
    0.000005963922831142554,
    -0.0000033339986202918226,
    -0.00001043697920977138,
    -0.000019519124180078506,
    0.000032467563869431615,
    0.000004551741312752711,
    -0.000013503594345820602,
    0.00002185529410780873,
    -0.000052556351874955,
    0.000005401936050475342,
    0.00005865176717634313,
    -0.000041050530853681266,
    0.000021619238395942375,
    -0.000003068370915570995,
    -0.00005361549119697884,
    0.00006030899749021046,
    -0.000007470097443729173,
    -0.000016229738321271725,
    0.000025165050828945823,
    -0.000052872619562549517,
    0.000033529027859913185,
    0.000022698237444274127,
    -0.000026380608687759377,
    0.00002225165007985197,
    -0.00005001330282539129,
    0.00002981478610308841,
    0.00003297086004749872,
    -0.00006477937859017402,
    0.00005765676905866712,
    -0.000022090023776399903,
    -0.00003861582445097156,
    0.00008043409616220742,
    -0.00005546947431867011,
    0.000006037177627149504,
    0.000032590200135018677,
    -0.00007519165956182405,
    0.00006138135358924046,
    0.000006740021490259096,
    -0.00003926553836208768,
    0.000046936984290368855,
    -0.00004001864363090135,
    0.000013287155525176786,
    0.000007021410965535324,
    -0.000042432428017491475,
    0.000056754379329504445,
    -0.000023799908376531675,
    -2.9666253453797253e-7,
    0.00003686282434500754,
    -0.00006920672603882849,
    0.000036798985092900693,
    0.000010260057024424896,
    -0.00004271208672435023,
    0.0000571691089135129,
    -0.000034303011489100754,
    -0.0000031580541417497443,
    0.00004428745887707919,
    -0.000055469641665695235,
    0.000015706031263107434,
    0.000012058854736096691,
    -0.000016798732758616097,
    0.000026556157536106184,
    -0.00002642833896970842,
    0.000010283127267030068,
    0.0000124782282000524,
    -0.00002179652983613778,
    0.000020326200683484785,
    -0.000023609449272044003,
    0.0000047478342821705155,
    0.000024621640477562323,
    -0.00002666447289811913,
    0.000022111200451035984,
    -0.000010956699043163098,
    -0.000020373186998767778,
    0.00003180939529556781,
    -0.000013877980563847814,
    0.0000035658281376527157,
    0.0000029450284273480065,
    -0.000016646577932988293,
    0.000015389718100777827,
    -0.000008641884051030502,
    0.000012283344403840601,
    -7.781461022204894e-7,
    -0.000021931464289082214,
    0.000027742791644413956,
    -0.000018031571016763337,
    5.772326971964503e-7,
    0.00001938776404131204,
    -0.00003562824713299051,
    0.00003157399987685494,
    0.0000010882064316319884,
    -0.000027711015718523413,
    0.0000337365927407518,
    -0.000029668852221220732,
    0.000004370996066427324,
    0.000022717380488757044,
    -0.000030033776056370698,
    0.00003268592627136968,
    -0.00001910415267047938,
    -0.00001533393697172869,
    0.00004022530993097462,
    -0.00004169437670498155,
    0.000017530066543258727,
    0.000015118253941182047,
    -0.00003443386958679184,
    0.00004677129982155748,
    -0.000030689556297147647,
    -0.000020727549781440757,
    0.000042806357669178396,
    -0.00003471940362942405,
    0.00003376040331204422,
    0.000002632694076964981,
    -0.00005351284198695794,
    0.00004599303792929277,
    -0.000019799406800302677,
    -4.398856674470153e-7,
    0.000039728729461785406,
    -0.00005459274325403385,
    0.00003064549673581496,
    0.000006388093879650114,
    -0.00005291303023113869,
    0.000054981213907012716,
    -0.000006072572887205752,
    -0.000010945354006253183,
    0.000019651404727483168,
    -0.000055923155741766095,
    0.00003353191277710721,
    0.000027048967240261845,
    -0.00003088571611442603,
    0.000028870568712591194,
    -0.000036628160160034895,
    -0.000002779021997412201,
    0.0000382007856387645,
    -0.00004349753726273775,
    0.0000368746041203849,
    0.000008876921128830872,
    -0.000048509278713027015,
    0.00004657614408642985,
    -0.000028939817639184184,
    -0.0000205362266569864,
    0.00005603186946245842,
    -0.000033843643905129284,
    0.000010974411452480126,
    0.000013330337424122263,
    -0.00004445859303814359,
    0.000036915618693456054,
    -0.000007875816663727164,
    -0.000016854188288562,
    0.00003124702925560996,
    -0.00002941397724498529,
    0.000022159863874549046,
    0.0000023814836822566576,
    -0.000038737653085263446,
    0.0000485059863422066,
    -0.000024384158678003587,
    -0.000016325042452081107,
    0.00004522420931607485,
    -0.00004823830022360198,
    0.000021572321202256717,
    0.000029545406505349092,
    -0.000048262427299050614,
    0.000028609825676539913,
    -0.000016709480405552313,
    -0.000014695207028125878,
    0.000049819136620499194,
    -0.000029596048989333212,
    1.7680550001841766e-7,
    0.000006793422016926343,
    -0.000021618985556415282,
    0.00003149322219542228,
    -0.000021850513803656213,
    0.0000019048155763812247,
    0.000026304387574782595,
    -0.00004385240390547551,
    0.00002372972812736407,
    0.000013815262718708254,
    -0.00002414411756035406,
    0.00002261445661133621,
    -0.00002637908619362861,
    0.0000020187781046843156,
    0.000027473844966152683,
    -0.000026118166715605184,
    0.00001533641443529632,
    0.0000067314203988644294,
    -0.000017541140550747514,
    -0.000002379297939114622,
    -0.00000859293322719168,
    0.00002480349394318182,
    0.0000057412617024965584,
    -0.000013810911696054973,
    0.0000018355436850470142,
    -0.00001453332879464142,
    0.000010801190910569858,
    4.6648943907712237e-7,
    -0.0000032033651677920716,
    0.000018577644368633628,
    -0.000019280747437733226,
    0.0000073997598519781604,
    0.0000027227949885855196,
    -0.00002186168057960458,
    0.000020154970115981996,
    -0.00000766625817050226,
    0.000009517446414974984,
    0.00000801804071670631,
    -0.000029616610845550895,
    0.00002700393997656647,
    -0.000017507351003587246,
    -0.000009582028724253178,
    0.00003866486076731235,
    -0.00003167969407513738,
    0.000019953000446548685,
    -0.000009481866072746925,
    -0.00003815070886048488,
    0.00006927944195922464,
    -0.00003076537177548744,
    -0.000020354074877104722,
    0.00004620371328201145,
    -0.00004861235720454715,
    0.000025836592612904496,
    -0.000001688546490186127,
    -0.000033936736144823954,
    0.00006498490984085947,
    -0.00003371474304003641,
    -0.0000052091468205617275,
    0.0000196826113096904,
    -0.000052721163228852674,
    0.00005584025348071009,
    -0.000014247196304495446,
    -0.000024852626665960997,
    0.00005880912794964388,
    -0.00006334162026178092,
    0.00002851812132576015,
    0.000030346538551384583,
    -0.00007952340092742816,
    0.000057331570133101195,
    -0.000007620910764671862,
    -0.000021896754333283752,
    0.00006059776933398098,
    -0.000058452613302506506,
    0.000009507869435765315,
    0.00001895829518616665,
    -0.000040754704969003797,
    0.000052376490202732384,
    -0.00002629703885759227,
    -0.00001228233304573223,
    0.0000365263331332244,
    -0.00004150817039771937,
    0.0000378422046196647,
    -0.000008741963938518893,
    -0.000042217834561597556,
    0.000054646763601340353,
    -0.000032048938010120764,
    6.747471843482344e-7,
    0.000038095178751973435,
    -0.00004621629705070518,
    0.00002252674676128663,
    0.0000013105430980431265,
    -0.000023602287910762243,
    0.000036209745303494856,
    -0.000023073678676155396,
    -0.000008696435543242842,
    0.000015977757357177325,
    -0.000008562366929254495,
    0.000024233122530858964,
    -0.000006954587661311962,
    -0.000021295541955623776,
    -0.000004655581051338231,
    -0.000002657751110746176,
    0.00003095008651143871,
    0.000002387875156273367,
    -0.000015403444194816984,
    -6.154168659122661e-7,
    -0.000014035947060619947,
    0.000009306023457611445,
    0.00000890429328137543,
    -0.0000011139428579554078,
    0.000004162723598710727,
    -0.000011265618923061993,
    -0.0000024331525310117286,
    7.17319494469848e-7,
    0.00001087340024241712,
    0.0000029408342925307807,
    -0.000014514287613565102,
    0.000016864660210558213,
    -0.000020305164071032777,
    -0.000012285078810236882,
    0.0000434137909905985,
    -0.00001878800139820669,
    -0.0000024033765839703847,
    0.000008011488716874737,
    -0.00003540994293871336,
    0.000035624438169179484,
    0.00000562973855267046,
    -0.000026256489945808426,
    0.000022553807866643183,
    -0.00002237597800558433,
    0.00000764591823099181,
    0.00001943686220329255,
    -0.00002131719156750478,
    0.000013796617167827208,
    -0.000022055413865018636,
    0.000008682787665748037,
    0.000033544965845067054,
    -0.000045059830881655216,
    0.00001752733987814281,
    0.000005072346539236605,
    -0.00003124622526229359,
    0.00005165562834008597,
    -0.000018137357983505353,
    -0.00001915919165185187,
    0.000027696849429048598,
    -0.000046676421334268525,
    0.00002409207445452921,
    0.000034884353226516396,
    -0.00003615731111494824,
    0.000014621503396483604,
    -0.000011878115401486866,
    -0.0000067842702264897525,
    0.000028377442504279315,
    -0.00002419683733023703,
    0.0000056992616919160355,
    0.0000015055068161018426,
    -0.00001538563083158806,
    0.000035662113077705726,
    -0.000010498898518562783,
    -0.000015256536244123708,
    0.000008314192200487014,
    -0.000025620156520744786,
    0.000026495554266148247,
    0.000013251752534415573,
    -0.00003190088318660855,
    0.000027060406864620745,
    -0.000005629565748677123,
    -0.00002093756484100595,
    0.000029692646421608515,
    -0.000021923211534158327,
    -0.000006895166279718978,
    0.000026488027287996374,
    -0.000024046368707786314,
    0.00001615545443200972,
    0.000014061868569115177,
    -0.00003231255686841905,
    0.000019154715118929744,
    -0.0000030417900234169792,
    -0.00001937811612151563,
    0.00001845070073613897,
    -0.00000971597182797268,
    0.000018885559256887063,
    0.00001091182366508292,
    -0.00003192359145032242,
    0.000011468855518614873,
    -0.000017594322343938984,
    0.000004035550318803871,
    0.00003959396781283431,
    -0.00003887420825776644,
    0.000012282660463824868,
    0.000012529478226497304,
    -0.000035918397770728916,
    0.00004631588308257051,
    -0.000021834863218828104,
    -0.00003262137761339545,
    0.00004916854959446937,
    -0.00002969355227833148,
    0.000010321463378204498,
    0.000026888343199971132,
    -0.00003938507870770991,
    0.000023078604499460198,
    -0.000016021860574255697,
    -0.00001877904105640482,
    0.00003797020690399222,
    -0.000012198877811897546,
    0.000017500069589004852,
    -0.000011877978067786898,
    -0.000033140924642793834,
    0.00003611284773796797,
    -0.00002082221362798009,
    0.00001282496396015631,
    0.00003104535426246002,
    -0.000052216724725440145,
    0.000017222375390701927,
    0.000003427864839977701,
    -0.000020722449335153215,
    0.000044498403440229595,
    -0.00001882905598904472,
    -0.000012771452020388097,
    0.000015271292795659974,
    -0.00002327129550394602,
    0.000012078123290848453,
    0.000005433197202364681,
    -0.0000010515905159991235,
    0.0000071421814027416985,
    -0.000009099477210838813,
    0.000009301386853621807,
    -0.000016652698832331225]